
./../swa/push_swap 0 2 5 1 4 | ./checker 0 2 5 1 4
./../swa/push_swap 0 2 5 1 4 | wc -l

./../swa/push_swap 5 1 2 0 3 | ./checker 5 1 2 0 3
./../swa/push_swap 5 1 2 0 3 | wc -l

./../swa/push_swap 0 1 4 2 3 | ./checker 0 1 4 2 3
./../swa/push_swap 0 1 4 2 3 | wc -l

./../swa/push_swap 1 2 5 0 3 | ./checker 1 2 5 0 3
./../swa/push_swap 1 2 5 0 3 | wc -l


./../swa/push_swap 82 54 33 61 65 45 10 83 79 96 7 71 90 56 63 9 88 57 35 89 0 58 22 78 77 27 23 75 74 59 4 19 53 25 8 64 99 66 1 30 81 72 94 48 31 98 37 29 84 26 36 38 100 39 68 85 16 49 95 62 28 50 40 21 12 46 73 18 92 52 55 93 80 11 87 42 32 86 17 69 51 15 70 14 76 44 67 2 97 41 3 91 24 5 20 43 34 6 47 13 | ./checker 82 54 33 61 65 45 10 83 79 96 7 71 90 56 63 9 88 57 35 89 0 58 22 78 77 27 23 75 74 59 4 19 53 25 8 64 99 66 1 30 81 72 94 48 31 98 37 29 84 26 36 38 100 39 68 85 16 49 95 62 28 50 40 21 12 46 73 18 92 52 55 93 80 11 87 42 32 86 17 69 51 15 70 14 76 44 67 2 97 41 3 91 24 5 20 43 34 6 47 13
./../swa/push_swap 82 54 33 61 65 45 10 83 79 96 7 71 90 56 63 9 88 57 35 89 0 58 22 78 77 27 23 75 74 59 4 19 53 25 8 64 99 66 1 30 81 72 94 48 31 98 37 29 84 26 36 38 100 39 68 85 16 49 95 62 28 50 40 21 12 46 73 18 92 52 55 93 80 11 87 42 32 86 17 69 51 15 70 14 76 44 67 2 97 41 3 91 24 5 20 43 34 6 47 13 | wc -l

./../swa/push_swap 37 35 47 10 36 95 45 25 5 76 14 15 73 17 27 86 23 46 34 33 78 18 48 79 51 41 94 52 21 49 42 39 58 75 24 70 85 87 60 32 98 7 65 93 1 2 50 28 31 84 22 56 90 68 44 3 6 80 74 96 38 30 81 8 72 16 88 92 4 69 59 12 66 100 54 43 19 61 82 55 13 57 63 83 20 29 77 99 64 89 97 9 11 53 67 40 0 91 26 71 | ./checker 37 35 47 10 36 95 45 25 5 76 14 15 73 17 27 86 23 46 34 33 78 18 48 79 51 41 94 52 21 49 42 39 58 75 24 70 85 87 60 32 98 7 65 93 1 2 50 28 31 84 22 56 90 68 44 3 6 80 74 96 38 30 81 8 72 16 88 92 4 69 59 12 66 100 54 43 19 61 82 55 13 57 63 83 20 29 77 99 64 89 97 9 11 53 67 40 0 91 26 71
./../swa/push_swap 37 35 47 10 36 95 45 25 5 76 14 15 73 17 27 86 23 46 34 33 78 18 48 79 51 41 94 52 21 49 42 39 58 75 24 70 85 87 60 32 98 7 65 93 1 2 50 28 31 84 22 56 90 68 44 3 6 80 74 96 38 30 81 8 72 16 88 92 4 69 59 12 66 100 54 43 19 61 82 55 13 57 63 83 20 29 77 99 64 89 97 9 11 53 67 40 0 91 26 71 | wc -l

---------------------------------------------------------------------------------------------------------------

./../swa/push_swap 310 397 191 331 259 224 212 95 346 261 206 192 202 200 102 85 152 257 94 421 319 63 323 463 304 464 379 371 17 118 481 117 20 366 116 491 169 76 431 395 59 151 335 114 489 248 422 488 427 274 355 89 231 62 216 128 2 449 390 61 428 400 439 472 288 268 74 272 244 330 156 240 201 467 48 103 280 86 239 27 290 110 281 336 477 11 8 342 440 438 44 265 101 277 93 452 215 140 246 71 359 166 345 364 25 284 81 160 134 455 222 351 469 419 424 96 312 82 478 84 228 245 243 124 107 353 203 426 6 175 382 462 365 154 483 5 368 68 64 340 143 270 108 380 291 9 207 496 55 499 100 40 120 434 325 465 413 292 19 1 162 300 105 361 230 92 446 227 487 296 276 13 219 423 275 273 285 411 78 51 113 321 141 194 210 104 255 282 65 135 173 52 287 47 193 80 150 187 443 289 242 454 486 326 37 45 471 474 121 79 41 305 172 167 54 186 327 442 67 394 383 42 127 425 372 396 153 417 430 179 497 347 375 253 33 328 148 384 56 343 308 490 189 498 476 286 473 142 388 21 392 399 213 256 145 165 232 23 324 293 217 358 184 303 294 420 495 183 149 418 75 341 458 170 307 301 315 377 229 180 264 269 409 320 10 332 376 453 125 309 249 318 60 314 12 352 354 177 415 258 247 28 450 429 447 241 393 456 161 445 412 444 57 132 119 339 322 16 381 457 317 171 159 111 333 58 18 278 39 480 178 367 406 126 3 302 99 147 475 34 363 391 226 139 334 122 77 494 233 279 98 369 316 432 97 461 297 91 251 350 32 87 405 459 157 4 357 209 482 155 188 468 370 262 133 237 168 69 190 138 24 329 199 337 408 221 35 211 271 252 225 387 435 115 31 306 385 404 123 389 356 38 129 22 414 43 205 46 283 29 311 88 402 436 373 49 416 344 218 174 137 182 266 73 109 437 485 185 50 131 398 407 83 136 448 181 479 146 466 263 433 410 72 348 260 441 451 338 250 195 470 360 15 298 386 362 299 176 163 349 374 220 90 236 254 403 484 164 378 223 66 208 53 30 70 493 26 500 196 267 492 214 401 197 198 158 235 130 460 36 112 0 313 14 204 144 295 238 234 7 | ./checker 310 397 191 331 259 224 212 95 346 261 206 192 202 200 102 85 152 257 94 421 319 63 323 463 304 464 379 371 17 118 481 117 20 366 116 491 169 76 431 395 59 151 335 114 489 248 422 488 427 274 355 89 231 62 216 128 2 449 390 61 428 400 439 472 288 268 74 272 244 330 156 240 201 467 48 103 280 86 239 27 290 110 281 336 477 11 8 342 440 438 44 265 101 277 93 452 215 140 246 71 359 166 345 364 25 284 81 160 134 455 222 351 469 419 424 96 312 82 478 84 228 245 243 124 107 353 203 426 6 175 382 462 365 154 483 5 368 68 64 340 143 270 108 380 291 9 207 496 55 499 100 40 120 434 325 465 413 292 19 1 162 300 105 361 230 92 446 227 487 296 276 13 219 423 275 273 285 411 78 51 113 321 141 194 210 104 255 282 65 135 173 52 287 47 193 80 150 187 443 289 242 454 486 326 37 45 471 474 121 79 41 305 172 167 54 186 327 442 67 394 383 42 127 425 372 396 153 417 430 179 497 347 375 253 33 328 148 384 56 343 308 490 189 498 476 286 473 142 388 21 392 399 213 256 145 165 232 23 324 293 217 358 184 303 294 420 495 183 149 418 75 341 458 170 307 301 315 377 229 180 264 269 409 320 10 332 376 453 125 309 249 318 60 314 12 352 354 177 415 258 247 28 450 429 447 241 393 456 161 445 412 444 57 132 119 339 322 16 381 457 317 171 159 111 333 58 18 278 39 480 178 367 406 126 3 302 99 147 475 34 363 391 226 139 334 122 77 494 233 279 98 369 316 432 97 461 297 91 251 350 32 87 405 459 157 4 357 209 482 155 188 468 370 262 133 237 168 69 190 138 24 329 199 337 408 221 35 211 271 252 225 387 435 115 31 306 385 404 123 389 356 38 129 22 414 43 205 46 283 29 311 88 402 436 373 49 416 344 218 174 137 182 266 73 109 437 485 185 50 131 398 407 83 136 448 181 479 146 466 263 433 410 72 348 260 441 451 338 250 195 470 360 15 298 386 362 299 176 163 349 374 220 90 236 254 403 484 164 378 223 66 208 53 30 70 493 26 500 196 267 492 214 401 197 198 158 235 130 460 36 112 0 313 14 204 144 295 238 234 7

./../swa/push_swap 310 397 191 331 259 224 212 95 346 261 206 192 202 200 102 85 152 257 94 421 319 63 323 463 304 464 379 371 17 118 481 117 20 366 116 491 169 76 431 395 59 151 335 114 489 248 422 488 427 274 355 89 231 62 216 128 2 449 390 61 428 400 439 472 288 268 74 272 244 330 156 240 201 467 48 103 280 86 239 27 290 110 281 336 477 11 8 342 440 438 44 265 101 277 93 452 215 140 246 71 359 166 345 364 25 284 81 160 134 455 222 351 469 419 424 96 312 82 478 84 228 245 243 124 107 353 203 426 6 175 382 462 365 154 483 5 368 68 64 340 143 270 108 380 291 9 207 496 55 499 100 40 120 434 325 465 413 292 19 1 162 300 105 361 230 92 446 227 487 296 276 13 219 423 275 273 285 411 78 51 113 321 141 194 210 104 255 282 65 135 173 52 287 47 193 80 150 187 443 289 242 454 486 326 37 45 471 474 121 79 41 305 172 167 54 186 327 442 67 394 383 42 127 425 372 396 153 417 430 179 497 347 375 253 33 328 148 384 56 343 308 490 189 498 476 286 473 142 388 21 392 399 213 256 145 165 232 23 324 293 217 358 184 303 294 420 495 183 149 418 75 341 458 170 307 301 315 377 229 180 264 269 409 320 10 332 376 453 125 309 249 318 60 314 12 352 354 177 415 258 247 28 450 429 447 241 393 456 161 445 412 444 57 132 119 339 322 16 381 457 317 171 159 111 333 58 18 278 39 480 178 367 406 126 3 302 99 147 475 34 363 391 226 139 334 122 77 494 233 279 98 369 316 432 97 461 297 91 251 350 32 87 405 459 157 4 357 209 482 155 188 468 370 262 133 237 168 69 190 138 24 329 199 337 408 221 35 211 271 252 225 387 435 115 31 306 385 404 123 389 356 38 129 22 414 43 205 46 283 29 311 88 402 436 373 49 416 344 218 174 137 182 266 73 109 437 485 185 50 131 398 407 83 136 448 181 479 146 466 263 433 410 72 348 260 441 451 338 250 195 470 360 15 298 386 362 299 176 163 349 374 220 90 236 254 403 484 164 378 223 66 208 53 30 70 493 26 500 196 267 492 214 401 197 198 158 235 130 460 36 112 0 313 14 204 144 295 238 234 7 | wc -l